For, n = 1
Possible values of the grid cells are: [1]

(1,) [1] [1]

Execution Time: 00:00:00

---

For, n = 2
Possible values of the grid cells are: [1, 2, 3, 4]


Execution Time: 00:00:00

---

For, n = 3
Possible values of the grid cells are: [1, 2, 3, 4, 5, 6, 7, 8, 9]

(1, 5, 6, 7, 2, 4, 8, 3, 9) [30, 56, 216] [56, 30, 216]
(1, 5, 6, 8, 3, 7, 9, 2, 4) [30, 168, 72] [72, 30, 168]
(1, 5, 6, 8, 3, 9, 7, 2, 4) [30, 216, 56] [56, 30, 216]
(1, 5, 6, 9, 2, 4, 8, 3, 7) [30, 72, 168] [72, 30, 168]
(1, 5, 8, 6, 4, 7, 9, 2, 3) [40, 168, 54] [54, 40, 168]
(1, 5, 8, 6, 4, 9, 7, 2, 3) [40, 216, 42] [42, 40, 216]
(1, 5, 8, 7, 2, 3, 6, 4, 9) [40, 42, 216] [42, 40, 216]
(1, 5, 8, 9, 2, 3, 6, 4, 7) [40, 54, 168] [54, 40, 168]
(1, 6, 5, 7, 4, 2, 8, 9, 3) [30, 56, 216] [56, 216, 30]
(1, 6, 5, 8, 7, 3, 9, 4, 2) [30, 168, 72] [72, 168, 30]
(1, 6, 5, 8, 9, 3, 7, 4, 2) [30, 216, 56] [56, 216, 30]
(1, 6, 5, 9, 4, 2, 8, 7, 3) [30, 72, 168] [72, 168, 30]
(1, 6, 7, 5, 4, 2, 8, 9, 3) [42, 40, 216] [40, 216, 42]
(1, 6, 7, 8, 5, 3, 9, 4, 2) [42, 120, 72] [72, 120, 42]
(1, 6, 7, 8, 9, 3, 5, 4, 2) [42, 216, 40] [40, 216, 42]
(1, 6, 7, 9, 4, 2, 8, 5, 3) [42, 72, 120] [72, 120, 42]
(1, 6, 9, 5, 4, 2, 8, 7, 3) [54, 40, 168] [40, 168, 54]
(1, 6, 9, 7, 4, 2, 8, 5, 3) [54, 56, 120] [56, 120, 54]
(1, 6, 9, 8, 5, 3, 7, 4, 2) [54, 120, 56] [56, 120, 54]
(1, 6, 9, 8, 7, 3, 5, 4, 2) [54, 168, 40] [40, 168, 54]
(1, 7, 6, 5, 2, 4, 8, 3, 9) [42, 40, 216] [40, 42, 216]
(1, 7, 6, 8, 3, 5, 9, 2, 4) [42, 120, 72] [72, 42, 120]
(1, 7, 6, 8, 3, 9, 5, 2, 4) [42, 216, 40] [40, 42, 216]
(1, 7, 6, 9, 2, 4, 8, 3, 5) [42, 72, 120] [72, 42, 120]
(1, 7, 8, 5, 2, 3, 6, 4, 9) [56, 30, 216] [30, 56, 216]
(1, 7, 8, 6, 4, 5, 9, 2, 3) [56, 120, 54] [54, 56, 120]
(1, 7, 8, 6, 4, 9, 5, 2, 3) [56, 216, 30] [30, 56, 216]
(1, 7, 8, 9, 2, 3, 6, 4, 5) [56, 54, 120] [54, 56, 120]
(1, 8, 5, 6, 7, 4, 9, 3, 2) [40, 168, 54] [54, 168, 40]
(1, 8, 5, 6, 9, 4, 7, 3, 2) [40, 216, 42] [42, 216, 40]
(1, 8, 5, 7, 3, 2, 6, 9, 4) [40, 42, 216] [42, 216, 40]
(1, 8, 5, 9, 3, 2, 6, 7, 4) [40, 54, 168] [54, 168, 40]
(1, 8, 7, 5, 3, 2, 6, 9, 4) [56, 30, 216] [30, 216, 56]
(1, 8, 7, 6, 5, 4, 9, 3, 2) [56, 120, 54] [54, 120, 56]
(1, 8, 7, 6, 9, 4, 5, 3, 2) [56, 216, 30] [30, 216, 56]
(1, 8, 7, 9, 3, 2, 6, 5, 4) [56, 54, 120] [54, 120, 56]
(1, 8, 9, 5, 3, 2, 6, 7, 4) [72, 30, 168] [30, 168, 72]
(1, 8, 9, 6, 5, 4, 7, 3, 2) [72, 120, 42] [42, 120, 72]
(1, 8, 9, 6, 7, 4, 5, 3, 2) [72, 168, 30] [30, 168, 72]
(1, 8, 9, 7, 3, 2, 6, 5, 4) [72, 42, 120] [42, 120, 72]
(1, 9, 6, 5, 2, 4, 8, 3, 7) [54, 40, 168] [40, 54, 168]
(1, 9, 6, 7, 2, 4, 8, 3, 5) [54, 56, 120] [56, 54, 120]
(1, 9, 6, 8, 3, 5, 7, 2, 4) [54, 120, 56] [56, 54, 120]
(1, 9, 6, 8, 3, 7, 5, 2, 4) [54, 168, 40] [40, 54, 168]
(1, 9, 8, 5, 2, 3, 6, 4, 7) [72, 30, 168] [30, 72, 168]
(1, 9, 8, 6, 4, 5, 7, 2, 3) [72, 120, 42] [42, 72, 120]
(1, 9, 8, 6, 4, 7, 5, 2, 3) [72, 168, 30] [30, 72, 168]
(1, 9, 8, 7, 2, 3, 6, 4, 5) [72, 42, 120] [42, 72, 120]
(2, 3, 5, 4, 7, 6, 9, 8, 1) [30, 168, 72] [72, 168, 30]
(2, 3, 5, 4, 9, 6, 7, 8, 1) [30, 216, 56] [56, 216, 30]
(2, 3, 5, 7, 8, 1, 4, 9, 6) [30, 56, 216] [56, 216, 30]
(2, 3, 5, 9, 8, 1, 4, 7, 6) [30, 72, 168] [72, 168, 30]
(2, 3, 7, 4, 5, 6, 9, 8, 1) [42, 120, 72] [72, 120, 42]
(2, 3, 7, 4, 9, 6, 5, 8, 1) [42, 216, 40] [40, 216, 42]
(2, 3, 7, 5, 8, 1, 4, 9, 6) [42, 40, 216] [40, 216, 42]
(2, 3, 7, 9, 8, 1, 4, 5, 6) [42, 72, 120] [72, 120, 42]
(2, 3, 9, 4, 5, 6, 7, 8, 1) [54, 120, 56] [56, 120, 54]
(2, 3, 9, 4, 7, 6, 5, 8, 1) [54, 168, 40] [40, 168, 54]
(2, 3, 9, 5, 8, 1, 4, 7, 6) [54, 40, 168] [40, 168, 54]
(2, 3, 9, 7, 8, 1, 4, 5, 6) [54, 56, 120] [56, 120, 54]
(2, 4, 5, 3, 7, 8, 9, 6, 1) [40, 168, 54] [54, 168, 40]
(2, 4, 5, 3, 9, 8, 7, 6, 1) [40, 216, 42] [42, 216, 40]
(2, 4, 5, 7, 6, 1, 3, 9, 8) [40, 42, 216] [42, 216, 40]
(2, 4, 5, 9, 6, 1, 3, 7, 8) [40, 54, 168] [54, 168, 40]
(2, 4, 7, 3, 5, 8, 9, 6, 1) [56, 120, 54] [54, 120, 56]
(2, 4, 7, 3, 9, 8, 5, 6, 1) [56, 216, 30] [30, 216, 56]
(2, 4, 7, 5, 6, 1, 3, 9, 8) [56, 30, 216] [30, 216, 56]
(2, 4, 7, 9, 6, 1, 3, 5, 8) [56, 54, 120] [54, 120, 56]
(2, 4, 9, 3, 5, 8, 7, 6, 1) [72, 120, 42] [42, 120, 72]
(2, 4, 9, 3, 7, 8, 5, 6, 1) [72, 168, 30] [30, 168, 72]
(2, 4, 9, 5, 6, 1, 3, 7, 8) [72, 30, 168] [30, 168, 72]
(2, 4, 9, 7, 6, 1, 3, 5, 8) [72, 42, 120] [42, 120, 72]
(2, 5, 3, 4, 6, 7, 9, 1, 8) [30, 168, 72] [72, 30, 168]
(2, 5, 3, 4, 6, 9, 7, 1, 8) [30, 216, 56] [56, 30, 216]
(2, 5, 3, 7, 1, 8, 4, 6, 9) [30, 56, 216] [56, 30, 216]
(2, 5, 3, 9, 1, 8, 4, 6, 7) [30, 72, 168] [72, 30, 168]
(2, 5, 4, 3, 8, 7, 9, 1, 6) [40, 168, 54] [54, 40, 168]
(2, 5, 4, 3, 8, 9, 7, 1, 6) [40, 216, 42] [42, 40, 216]
(2, 5, 4, 7, 1, 6, 3, 8, 9) [40, 42, 216] [42, 40, 216]
(2, 5, 4, 9, 1, 6, 3, 8, 7) [40, 54, 168] [54, 40, 168]
(2, 7, 3, 4, 6, 5, 9, 1, 8) [42, 120, 72] [72, 42, 120]
(2, 7, 3, 4, 6, 9, 5, 1, 8) [42, 216, 40] [40, 42, 216]
(2, 7, 3, 5, 1, 8, 4, 6, 9) [42, 40, 216] [40, 42, 216]
(2, 7, 3, 9, 1, 8, 4, 6, 5) [42, 72, 120] [72, 42, 120]
(2, 7, 4, 3, 8, 5, 9, 1, 6) [56, 120, 54] [54, 56, 120]
(2, 7, 4, 3, 8, 9, 5, 1, 6) [56, 216, 30] [30, 56, 216]
(2, 7, 4, 5, 1, 6, 3, 8, 9) [56, 30, 216] [30, 56, 216]
(2, 7, 4, 9, 1, 6, 3, 8, 5) [56, 54, 120] [54, 56, 120]
(2, 9, 3, 4, 6, 5, 7, 1, 8) [54, 120, 56] [56, 54, 120]
(2, 9, 3, 4, 6, 7, 5, 1, 8) [54, 168, 40] [40, 54, 168]
(2, 9, 3, 5, 1, 8, 4, 6, 7) [54, 40, 168] [40, 54, 168]
(2, 9, 3, 7, 1, 8, 4, 6, 5) [54, 56, 120] [56, 54, 120]
(2, 9, 4, 3, 8, 5, 7, 1, 6) [72, 120, 42] [42, 72, 120]
(2, 9, 4, 3, 8, 7, 5, 1, 6) [72, 168, 30] [30, 72, 168]
(2, 9, 4, 5, 1, 6, 3, 8, 7) [72, 30, 168] [30, 72, 168]
(2, 9, 4, 7, 1, 6, 3, 8, 5) [72, 42, 120] [42, 72, 120]
(3, 2, 5, 7, 4, 6, 8, 9, 1) [30, 168, 72] [168, 72, 30]
(3, 2, 5, 8, 7, 1, 9, 4, 6) [30, 56, 216] [216, 56, 30]
(3, 2, 5, 8, 9, 1, 7, 4, 6) [30, 72, 168] [168, 72, 30]
(3, 2, 5, 9, 4, 6, 8, 7, 1) [30, 216, 56] [216, 56, 30]
(3, 2, 7, 5, 4, 6, 8, 9, 1) [42, 120, 72] [120, 72, 42]
(3, 2, 7, 8, 5, 1, 9, 4, 6) [42, 40, 216] [216, 40, 42]
(3, 2, 7, 8, 9, 1, 5, 4, 6) [42, 72, 120] [120, 72, 42]
(3, 2, 7, 9, 4, 6, 8, 5, 1) [42, 216, 40] [216, 40, 42]
(3, 2, 9, 5, 4, 6, 8, 7, 1) [54, 120, 56] [120, 56, 54]
(3, 2, 9, 7, 4, 6, 8, 5, 1) [54, 168, 40] [168, 40, 54]
(3, 2, 9, 8, 5, 1, 7, 4, 6) [54, 40, 168] [168, 40, 54]
(3, 2, 9, 8, 7, 1, 5, 4, 6) [54, 56, 120] [120, 56, 54]
(3, 5, 2, 7, 6, 4, 8, 1, 9) [30, 168, 72] [168, 30, 72]
(3, 5, 2, 8, 1, 7, 9, 6, 4) [30, 56, 216] [216, 30, 56]
(3, 5, 2, 8, 1, 9, 7, 6, 4) [30, 72, 168] [168, 30, 72]
(3, 5, 2, 9, 6, 4, 8, 1, 7) [30, 216, 56] [216, 30, 56]
(3, 5, 8, 2, 4, 7, 9, 6, 1) [120, 56, 54] [54, 120, 56]
(3, 5, 8, 2, 4, 9, 7, 6, 1) [120, 72, 42] [42, 120, 72]
(3, 5, 8, 7, 6, 1, 2, 4, 9) [120, 42, 72] [42, 120, 72]
(3, 5, 8, 9, 6, 1, 2, 4, 7) [120, 54, 56] [54, 120, 56]
(3, 7, 2, 5, 6, 4, 8, 1, 9) [42, 120, 72] [120, 42, 72]
(3, 7, 2, 8, 1, 5, 9, 6, 4) [42, 40, 216] [216, 42, 40]
(3, 7, 2, 8, 1, 9, 5, 6, 4) [42, 72, 120] [120, 42, 72]
(3, 7, 2, 9, 6, 4, 8, 1, 5) [42, 216, 40] [216, 42, 40]
(3, 7, 8, 2, 4, 5, 9, 6, 1) [168, 40, 54] [54, 168, 40]
(3, 7, 8, 2, 4, 9, 5, 6, 1) [168, 72, 30] [30, 168, 72]
(3, 7, 8, 5, 6, 1, 2, 4, 9) [168, 30, 72] [30, 168, 72]
(3, 7, 8, 9, 6, 1, 2, 4, 5) [168, 54, 40] [54, 168, 40]
(3, 8, 5, 2, 7, 4, 9, 1, 6) [120, 56, 54] [54, 56, 120]
(3, 8, 5, 2, 9, 4, 7, 1, 6) [120, 72, 42] [42, 72, 120]
(3, 8, 5, 7, 1, 6, 2, 9, 4) [120, 42, 72] [42, 72, 120]
(3, 8, 5, 9, 1, 6, 2, 7, 4) [120, 54, 56] [54, 56, 120]
(3, 8, 7, 2, 5, 4, 9, 1, 6) [168, 40, 54] [54, 40, 168]
(3, 8, 7, 2, 9, 4, 5, 1, 6) [168, 72, 30] [30, 72, 168]
(3, 8, 7, 5, 1, 6, 2, 9, 4) [168, 30, 72] [30, 72, 168]
(3, 8, 7, 9, 1, 6, 2, 5, 4) [168, 54, 40] [54, 40, 168]
(3, 8, 9, 2, 5, 4, 7, 1, 6) [216, 40, 42] [42, 40, 216]
(3, 8, 9, 2, 7, 4, 5, 1, 6) [216, 56, 30] [30, 56, 216]
(3, 8, 9, 5, 1, 6, 2, 7, 4) [216, 30, 56] [30, 56, 216]
(3, 8, 9, 7, 1, 6, 2, 5, 4) [216, 42, 40] [42, 40, 216]
(3, 9, 2, 5, 6, 4, 8, 1, 7) [54, 120, 56] [120, 54, 56]
(3, 9, 2, 7, 6, 4, 8, 1, 5) [54, 168, 40] [168, 54, 40]
(3, 9, 2, 8, 1, 5, 7, 6, 4) [54, 40, 168] [168, 54, 40]
(3, 9, 2, 8, 1, 7, 5, 6, 4) [54, 56, 120] [120, 54, 56]
(3, 9, 8, 2, 4, 5, 7, 6, 1) [216, 40, 42] [42, 216, 40]
(3, 9, 8, 2, 4, 7, 5, 6, 1) [216, 56, 30] [30, 216, 56]
(3, 9, 8, 5, 6, 1, 2, 4, 7) [216, 30, 56] [30, 216, 56]
(3, 9, 8, 7, 6, 1, 2, 4, 5) [216, 42, 40] [42, 216, 40]
(4, 2, 5, 6, 7, 1, 9, 3, 8) [40, 42, 216] [216, 42, 40]
(4, 2, 5, 6, 9, 1, 7, 3, 8) [40, 54, 168] [168, 54, 40]
(4, 2, 5, 7, 3, 8, 6, 9, 1) [40, 168, 54] [168, 54, 40]
(4, 2, 5, 9, 3, 8, 6, 7, 1) [40, 216, 42] [216, 42, 40]
(4, 2, 7, 5, 3, 8, 6, 9, 1) [56, 120, 54] [120, 54, 56]
(4, 2, 7, 6, 5, 1, 9, 3, 8) [56, 30, 216] [216, 30, 56]
(4, 2, 7, 6, 9, 1, 5, 3, 8) [56, 54, 120] [120, 54, 56]
(4, 2, 7, 9, 3, 8, 6, 5, 1) [56, 216, 30] [216, 30, 56]
(4, 2, 9, 5, 3, 8, 6, 7, 1) [72, 120, 42] [120, 42, 72]
(4, 2, 9, 6, 5, 1, 7, 3, 8) [72, 30, 168] [168, 30, 72]
(4, 2, 9, 6, 7, 1, 5, 3, 8) [72, 42, 120] [120, 42, 72]
(4, 2, 9, 7, 3, 8, 6, 5, 1) [72, 168, 30] [168, 30, 72]
(4, 5, 2, 6, 1, 7, 9, 8, 3) [40, 42, 216] [216, 40, 42]
(4, 5, 2, 6, 1, 9, 7, 8, 3) [40, 54, 168] [168, 40, 54]
(4, 5, 2, 7, 8, 3, 6, 1, 9) [40, 168, 54] [168, 40, 54]
(4, 5, 2, 9, 8, 3, 6, 1, 7) [40, 216, 42] [216, 40, 42]
(4, 5, 6, 2, 3, 7, 9, 8, 1) [120, 42, 72] [72, 120, 42]
(4, 5, 6, 2, 3, 9, 7, 8, 1) [120, 54, 56] [56, 120, 54]
(4, 5, 6, 7, 8, 1, 2, 3, 9) [120, 56, 54] [56, 120, 54]
(4, 5, 6, 9, 8, 1, 2, 3, 7) [120, 72, 42] [72, 120, 42]
(4, 6, 5, 2, 7, 3, 9, 1, 8) [120, 42, 72] [72, 42, 120]
(4, 6, 5, 2, 9, 3, 7, 1, 8) [120, 54, 56] [56, 54, 120]
(4, 6, 5, 7, 1, 8, 2, 9, 3) [120, 56, 54] [56, 54, 120]
(4, 6, 5, 9, 1, 8, 2, 7, 3) [120, 72, 42] [72, 42, 120]
(4, 6, 7, 2, 5, 3, 9, 1, 8) [168, 30, 72] [72, 30, 168]
(4, 6, 7, 2, 9, 3, 5, 1, 8) [168, 54, 40] [40, 54, 168]
(4, 6, 7, 5, 1, 8, 2, 9, 3) [168, 40, 54] [40, 54, 168]
(4, 6, 7, 9, 1, 8, 2, 5, 3) [168, 72, 30] [72, 30, 168]
(4, 6, 9, 2, 5, 3, 7, 1, 8) [216, 30, 56] [56, 30, 216]
(4, 6, 9, 2, 7, 3, 5, 1, 8) [216, 42, 40] [40, 42, 216]
(4, 6, 9, 5, 1, 8, 2, 7, 3) [216, 40, 42] [40, 42, 216]
(4, 6, 9, 7, 1, 8, 2, 5, 3) [216, 56, 30] [56, 30, 216]
(4, 7, 2, 5, 8, 3, 6, 1, 9) [56, 120, 54] [120, 56, 54]
(4, 7, 2, 6, 1, 5, 9, 8, 3) [56, 30, 216] [216, 56, 30]
(4, 7, 2, 6, 1, 9, 5, 8, 3) [56, 54, 120] [120, 56, 54]
(4, 7, 2, 9, 8, 3, 6, 1, 5) [56, 216, 30] [216, 56, 30]
(4, 7, 6, 2, 3, 5, 9, 8, 1) [168, 30, 72] [72, 168, 30]
(4, 7, 6, 2, 3, 9, 5, 8, 1) [168, 54, 40] [40, 168, 54]
(4, 7, 6, 5, 8, 1, 2, 3, 9) [168, 40, 54] [40, 168, 54]
(4, 7, 6, 9, 8, 1, 2, 3, 5) [168, 72, 30] [72, 168, 30]
(4, 9, 2, 5, 8, 3, 6, 1, 7) [72, 120, 42] [120, 72, 42]
(4, 9, 2, 6, 1, 5, 7, 8, 3) [72, 30, 168] [168, 72, 30]
(4, 9, 2, 6, 1, 7, 5, 8, 3) [72, 42, 120] [120, 72, 42]
(4, 9, 2, 7, 8, 3, 6, 1, 5) [72, 168, 30] [168, 72, 30]
(4, 9, 6, 2, 3, 5, 7, 8, 1) [216, 30, 56] [56, 216, 30]
(4, 9, 6, 2, 3, 7, 5, 8, 1) [216, 42, 40] [40, 216, 42]
(4, 9, 6, 5, 8, 1, 2, 3, 7) [216, 40, 42] [40, 216, 42]
(4, 9, 6, 7, 8, 1, 2, 3, 5) [216, 56, 30] [56, 216, 30]
(5, 1, 6, 2, 7, 4, 3, 8, 9) [30, 56, 216] [30, 56, 216]
(5, 1, 6, 2, 9, 4, 3, 8, 7) [30, 72, 168] [30, 72, 168]
(5, 1, 6, 3, 8, 7, 2, 9, 4) [30, 168, 72] [30, 72, 168]
(5, 1, 6, 3, 8, 9, 2, 7, 4) [30, 216, 56] [30, 56, 216]
(5, 1, 8, 2, 7, 3, 4, 6, 9) [40, 42, 216] [40, 42, 216]
(5, 1, 8, 2, 9, 3, 4, 6, 7) [40, 54, 168] [40, 54, 168]
(5, 1, 8, 4, 6, 7, 2, 9, 3) [40, 168, 54] [40, 54, 168]
(5, 1, 8, 4, 6, 9, 2, 7, 3) [40, 216, 42] [40, 42, 216]
(5, 2, 3, 1, 7, 8, 6, 4, 9) [30, 56, 216] [30, 56, 216]
(5, 2, 3, 1, 9, 8, 6, 4, 7) [30, 72, 168] [30, 72, 168]
(5, 2, 3, 6, 4, 7, 1, 9, 8) [30, 168, 72] [30, 72, 168]
(5, 2, 3, 6, 4, 9, 1, 7, 8) [30, 216, 56] [30, 56, 216]
(5, 2, 4, 1, 7, 6, 8, 3, 9) [40, 42, 216] [40, 42, 216]
(5, 2, 4, 1, 9, 6, 8, 3, 7) [40, 54, 168] [40, 54, 168]
(5, 2, 4, 8, 3, 7, 1, 9, 6) [40, 168, 54] [40, 54, 168]
(5, 2, 4, 8, 3, 9, 1, 7, 6) [40, 216, 42] [40, 42, 216]
(5, 3, 2, 1, 8, 7, 6, 9, 4) [30, 56, 216] [30, 216, 56]
(5, 3, 2, 1, 8, 9, 6, 7, 4) [30, 72, 168] [30, 168, 72]
(5, 3, 2, 6, 7, 4, 1, 8, 9) [30, 168, 72] [30, 168, 72]
(5, 3, 2, 6, 9, 4, 1, 8, 7) [30, 216, 56] [30, 216, 56]
(5, 3, 8, 4, 2, 7, 6, 9, 1) [120, 56, 54] [120, 54, 56]
(5, 3, 8, 4, 2, 9, 6, 7, 1) [120, 72, 42] [120, 42, 72]
(5, 3, 8, 6, 7, 1, 4, 2, 9) [120, 42, 72] [120, 42, 72]
(5, 3, 8, 6, 9, 1, 4, 2, 7) [120, 54, 56] [120, 54, 56]
(5, 4, 2, 1, 6, 7, 8, 9, 3) [40, 42, 216] [40, 216, 42]
(5, 4, 2, 1, 6, 9, 8, 7, 3) [40, 54, 168] [40, 168, 54]
(5, 4, 2, 8, 7, 3, 1, 6, 9) [40, 168, 54] [40, 168, 54]
(5, 4, 2, 8, 9, 3, 1, 6, 7) [40, 216, 42] [40, 216, 42]
(5, 4, 6, 3, 2, 7, 8, 9, 1) [120, 42, 72] [120, 72, 42]
(5, 4, 6, 3, 2, 9, 8, 7, 1) [120, 54, 56] [120, 56, 54]
(5, 4, 6, 8, 7, 1, 3, 2, 9) [120, 56, 54] [120, 56, 54]
(5, 4, 6, 8, 9, 1, 3, 2, 7) [120, 72, 42] [120, 72, 42]
(5, 6, 1, 2, 4, 7, 3, 9, 8) [30, 56, 216] [30, 216, 56]
(5, 6, 1, 2, 4, 9, 3, 7, 8) [30, 72, 168] [30, 168, 72]
(5, 6, 1, 3, 7, 8, 2, 4, 9) [30, 168, 72] [30, 168, 72]
(5, 6, 1, 3, 9, 8, 2, 4, 7) [30, 216, 56] [30, 216, 56]
(5, 6, 4, 3, 7, 2, 8, 1, 9) [120, 42, 72] [120, 42, 72]
(5, 6, 4, 3, 9, 2, 8, 1, 7) [120, 54, 56] [120, 54, 56]
(5, 6, 4, 8, 1, 7, 3, 9, 2) [120, 56, 54] [120, 54, 56]
(5, 6, 4, 8, 1, 9, 3, 7, 2) [120, 72, 42] [120, 42, 72]
(5, 8, 1, 2, 3, 7, 4, 9, 6) [40, 42, 216] [40, 216, 42]
(5, 8, 1, 2, 3, 9, 4, 7, 6) [40, 54, 168] [40, 168, 54]
(5, 8, 1, 4, 7, 6, 2, 3, 9) [40, 168, 54] [40, 168, 54]
(5, 8, 1, 4, 9, 6, 2, 3, 7) [40, 216, 42] [40, 216, 42]
(5, 8, 3, 4, 7, 2, 6, 1, 9) [120, 56, 54] [120, 56, 54]
(5, 8, 3, 4, 9, 2, 6, 1, 7) [120, 72, 42] [120, 72, 42]
(5, 8, 3, 6, 1, 7, 4, 9, 2) [120, 42, 72] [120, 72, 42]
(5, 8, 3, 6, 1, 9, 4, 7, 2) [120, 54, 56] [120, 56, 54]
(6, 1, 5, 4, 7, 2, 9, 8, 3) [30, 56, 216] [216, 56, 30]
(6, 1, 5, 4, 9, 2, 7, 8, 3) [30, 72, 168] [168, 72, 30]
(6, 1, 5, 7, 8, 3, 4, 9, 2) [30, 168, 72] [168, 72, 30]
(6, 1, 5, 9, 8, 3, 4, 7, 2) [30, 216, 56] [216, 56, 30]
(6, 1, 7, 4, 5, 2, 9, 8, 3) [42, 40, 216] [216, 40, 42]
(6, 1, 7, 4, 9, 2, 5, 8, 3) [42, 72, 120] [120, 72, 42]
(6, 1, 7, 5, 8, 3, 4, 9, 2) [42, 120, 72] [120, 72, 42]
(6, 1, 7, 9, 8, 3, 4, 5, 2) [42, 216, 40] [216, 40, 42]
(6, 1, 9, 4, 5, 2, 7, 8, 3) [54, 40, 168] [168, 40, 54]
(6, 1, 9, 4, 7, 2, 5, 8, 3) [54, 56, 120] [120, 56, 54]
(6, 1, 9, 5, 8, 3, 4, 7, 2) [54, 120, 56] [120, 56, 54]
(6, 1, 9, 7, 8, 3, 4, 5, 2) [54, 168, 40] [168, 40, 54]
(6, 4, 5, 1, 7, 8, 9, 2, 3) [120, 56, 54] [54, 56, 120]
(6, 4, 5, 1, 9, 8, 7, 2, 3) [120, 72, 42] [42, 72, 120]
(6, 4, 5, 7, 2, 3, 1, 9, 8) [120, 42, 72] [42, 72, 120]
(6, 4, 5, 9, 2, 3, 1, 7, 8) [120, 54, 56] [54, 56, 120]
(6, 4, 7, 1, 5, 8, 9, 2, 3) [168, 40, 54] [54, 40, 168]
(6, 4, 7, 1, 9, 8, 5, 2, 3) [168, 72, 30] [30, 72, 168]
(6, 4, 7, 5, 2, 3, 1, 9, 8) [168, 30, 72] [30, 72, 168]
(6, 4, 7, 9, 2, 3, 1, 5, 8) [168, 54, 40] [54, 40, 168]
(6, 4, 9, 1, 5, 8, 7, 2, 3) [216, 40, 42] [42, 40, 216]
(6, 4, 9, 1, 7, 8, 5, 2, 3) [216, 56, 30] [30, 56, 216]
(6, 4, 9, 5, 2, 3, 1, 7, 8) [216, 30, 56] [30, 56, 216]
(6, 4, 9, 7, 2, 3, 1, 5, 8) [216, 42, 40] [42, 40, 216]
(6, 5, 1, 4, 2, 7, 9, 3, 8) [30, 56, 216] [216, 30, 56]
(6, 5, 1, 4, 2, 9, 7, 3, 8) [30, 72, 168] [168, 30, 72]
(6, 5, 1, 7, 3, 8, 4, 2, 9) [30, 168, 72] [168, 30, 72]
(6, 5, 1, 9, 3, 8, 4, 2, 7) [30, 216, 56] [216, 30, 56]
(6, 5, 4, 1, 8, 7, 9, 3, 2) [120, 56, 54] [54, 120, 56]
(6, 5, 4, 1, 8, 9, 7, 3, 2) [120, 72, 42] [42, 120, 72]
(6, 5, 4, 7, 3, 2, 1, 8, 9) [120, 42, 72] [42, 120, 72]
(6, 5, 4, 9, 3, 2, 1, 8, 7) [120, 54, 56] [54, 120, 56]
(6, 7, 1, 4, 2, 5, 9, 3, 8) [42, 40, 216] [216, 42, 40]
(6, 7, 1, 4, 2, 9, 5, 3, 8) [42, 72, 120] [120, 42, 72]
(6, 7, 1, 5, 3, 8, 4, 2, 9) [42, 120, 72] [120, 42, 72]
(6, 7, 1, 9, 3, 8, 4, 2, 5) [42, 216, 40] [216, 42, 40]
(6, 7, 4, 1, 8, 5, 9, 3, 2) [168, 40, 54] [54, 168, 40]
(6, 7, 4, 1, 8, 9, 5, 3, 2) [168, 72, 30] [30, 168, 72]
(6, 7, 4, 5, 3, 2, 1, 8, 9) [168, 30, 72] [30, 168, 72]
(6, 7, 4, 9, 3, 2, 1, 8, 5) [168, 54, 40] [54, 168, 40]
(6, 9, 1, 4, 2, 5, 7, 3, 8) [54, 40, 168] [168, 54, 40]
(6, 9, 1, 4, 2, 7, 5, 3, 8) [54, 56, 120] [120, 54, 56]
(6, 9, 1, 5, 3, 8, 4, 2, 7) [54, 120, 56] [120, 54, 56]
(6, 9, 1, 7, 3, 8, 4, 2, 5) [54, 168, 40] [168, 54, 40]
(6, 9, 4, 1, 8, 5, 7, 3, 2) [216, 40, 42] [42, 216, 40]
(6, 9, 4, 1, 8, 7, 5, 3, 2) [216, 56, 30] [30, 216, 56]
(6, 9, 4, 5, 3, 2, 1, 8, 7) [216, 30, 56] [30, 216, 56]
(6, 9, 4, 7, 3, 2, 1, 8, 5) [216, 42, 40] [42, 216, 40]
(7, 1, 6, 2, 5, 4, 3, 8, 9) [42, 40, 216] [42, 40, 216]
(7, 1, 6, 2, 9, 4, 3, 8, 5) [42, 72, 120] [42, 72, 120]
(7, 1, 6, 3, 8, 5, 2, 9, 4) [42, 120, 72] [42, 72, 120]
(7, 1, 6, 3, 8, 9, 2, 5, 4) [42, 216, 40] [42, 40, 216]
(7, 1, 8, 2, 5, 3, 4, 6, 9) [56, 30, 216] [56, 30, 216]
(7, 1, 8, 2, 9, 3, 4, 6, 5) [56, 54, 120] [56, 54, 120]
(7, 1, 8, 4, 6, 5, 2, 9, 3) [56, 120, 54] [56, 54, 120]
(7, 1, 8, 4, 6, 9, 2, 5, 3) [56, 216, 30] [56, 30, 216]
(7, 2, 3, 1, 5, 8, 6, 4, 9) [42, 40, 216] [42, 40, 216]
(7, 2, 3, 1, 9, 8, 6, 4, 5) [42, 72, 120] [42, 72, 120]
(7, 2, 3, 6, 4, 5, 1, 9, 8) [42, 120, 72] [42, 72, 120]
(7, 2, 3, 6, 4, 9, 1, 5, 8) [42, 216, 40] [42, 40, 216]
(7, 2, 4, 1, 5, 6, 8, 3, 9) [56, 30, 216] [56, 30, 216]
(7, 2, 4, 1, 9, 6, 8, 3, 5) [56, 54, 120] [56, 54, 120]
(7, 2, 4, 8, 3, 5, 1, 9, 6) [56, 120, 54] [56, 54, 120]
(7, 2, 4, 8, 3, 9, 1, 5, 6) [56, 216, 30] [56, 30, 216]
(7, 3, 2, 1, 8, 5, 6, 9, 4) [42, 40, 216] [42, 216, 40]
(7, 3, 2, 1, 8, 9, 6, 5, 4) [42, 72, 120] [42, 120, 72]
(7, 3, 2, 6, 5, 4, 1, 8, 9) [42, 120, 72] [42, 120, 72]
(7, 3, 2, 6, 9, 4, 1, 8, 5) [42, 216, 40] [42, 216, 40]
(7, 3, 8, 4, 2, 5, 6, 9, 1) [168, 40, 54] [168, 54, 40]
(7, 3, 8, 4, 2, 9, 6, 5, 1) [168, 72, 30] [168, 30, 72]
(7, 3, 8, 6, 5, 1, 4, 2, 9) [168, 30, 72] [168, 30, 72]
(7, 3, 8, 6, 9, 1, 4, 2, 5) [168, 54, 40] [168, 54, 40]
(7, 4, 2, 1, 6, 5, 8, 9, 3) [56, 30, 216] [56, 216, 30]
(7, 4, 2, 1, 6, 9, 8, 5, 3) [56, 54, 120] [56, 120, 54]
(7, 4, 2, 8, 5, 3, 1, 6, 9) [56, 120, 54] [56, 120, 54]
(7, 4, 2, 8, 9, 3, 1, 6, 5) [56, 216, 30] [56, 216, 30]
(7, 4, 6, 3, 2, 5, 8, 9, 1) [168, 30, 72] [168, 72, 30]
(7, 4, 6, 3, 2, 9, 8, 5, 1) [168, 54, 40] [168, 40, 54]
(7, 4, 6, 8, 5, 1, 3, 2, 9) [168, 40, 54] [168, 40, 54]
(7, 4, 6, 8, 9, 1, 3, 2, 5) [168, 72, 30] [168, 72, 30]
(7, 6, 1, 2, 4, 5, 3, 9, 8) [42, 40, 216] [42, 216, 40]
(7, 6, 1, 2, 4, 9, 3, 5, 8) [42, 72, 120] [42, 120, 72]
(7, 6, 1, 3, 5, 8, 2, 4, 9) [42, 120, 72] [42, 120, 72]
(7, 6, 1, 3, 9, 8, 2, 4, 5) [42, 216, 40] [42, 216, 40]
(7, 6, 4, 3, 5, 2, 8, 1, 9) [168, 30, 72] [168, 30, 72]
(7, 6, 4, 3, 9, 2, 8, 1, 5) [168, 54, 40] [168, 54, 40]
(7, 6, 4, 8, 1, 5, 3, 9, 2) [168, 40, 54] [168, 54, 40]
(7, 6, 4, 8, 1, 9, 3, 5, 2) [168, 72, 30] [168, 30, 72]
(7, 8, 1, 2, 3, 5, 4, 9, 6) [56, 30, 216] [56, 216, 30]
(7, 8, 1, 2, 3, 9, 4, 5, 6) [56, 54, 120] [56, 120, 54]
(7, 8, 1, 4, 5, 6, 2, 3, 9) [56, 120, 54] [56, 120, 54]
(7, 8, 1, 4, 9, 6, 2, 3, 5) [56, 216, 30] [56, 216, 30]
(7, 8, 3, 4, 5, 2, 6, 1, 9) [168, 40, 54] [168, 40, 54]
(7, 8, 3, 4, 9, 2, 6, 1, 5) [168, 72, 30] [168, 72, 30]
(7, 8, 3, 6, 1, 5, 4, 9, 2) [168, 30, 72] [168, 72, 30]
(7, 8, 3, 6, 1, 9, 4, 5, 2) [168, 54, 40] [168, 40, 54]
(8, 1, 5, 3, 7, 2, 9, 6, 4) [40, 42, 216] [216, 42, 40]
(8, 1, 5, 3, 9, 2, 7, 6, 4) [40, 54, 168] [168, 54, 40]
(8, 1, 5, 7, 6, 4, 3, 9, 2) [40, 168, 54] [168, 54, 40]
(8, 1, 5, 9, 6, 4, 3, 7, 2) [40, 216, 42] [216, 42, 40]
(8, 1, 7, 3, 5, 2, 9, 6, 4) [56, 30, 216] [216, 30, 56]
(8, 1, 7, 3, 9, 2, 5, 6, 4) [56, 54, 120] [120, 54, 56]
(8, 1, 7, 5, 6, 4, 3, 9, 2) [56, 120, 54] [120, 54, 56]
(8, 1, 7, 9, 6, 4, 3, 5, 2) [56, 216, 30] [216, 30, 56]
(8, 1, 9, 3, 5, 2, 7, 6, 4) [72, 30, 168] [168, 30, 72]
(8, 1, 9, 3, 7, 2, 5, 6, 4) [72, 42, 120] [120, 42, 72]
(8, 1, 9, 5, 6, 4, 3, 7, 2) [72, 120, 42] [120, 42, 72]
(8, 1, 9, 7, 6, 4, 3, 5, 2) [72, 168, 30] [168, 30, 72]
(8, 3, 5, 1, 7, 6, 9, 2, 4) [120, 42, 72] [72, 42, 120]
(8, 3, 5, 1, 9, 6, 7, 2, 4) [120, 54, 56] [56, 54, 120]
(8, 3, 5, 7, 2, 4, 1, 9, 6) [120, 56, 54] [56, 54, 120]
(8, 3, 5, 9, 2, 4, 1, 7, 6) [120, 72, 42] [72, 42, 120]
(8, 3, 7, 1, 5, 6, 9, 2, 4) [168, 30, 72] [72, 30, 168]
(8, 3, 7, 1, 9, 6, 5, 2, 4) [168, 54, 40] [40, 54, 168]
(8, 3, 7, 5, 2, 4, 1, 9, 6) [168, 40, 54] [40, 54, 168]
(8, 3, 7, 9, 2, 4, 1, 5, 6) [168, 72, 30] [72, 30, 168]
(8, 3, 9, 1, 5, 6, 7, 2, 4) [216, 30, 56] [56, 30, 216]
(8, 3, 9, 1, 7, 6, 5, 2, 4) [216, 42, 40] [40, 42, 216]
(8, 3, 9, 5, 2, 4, 1, 7, 6) [216, 40, 42] [40, 42, 216]
(8, 3, 9, 7, 2, 4, 1, 5, 6) [216, 56, 30] [56, 30, 216]
(8, 5, 1, 3, 2, 7, 9, 4, 6) [40, 42, 216] [216, 40, 42]
(8, 5, 1, 3, 2, 9, 7, 4, 6) [40, 54, 168] [168, 40, 54]
(8, 5, 1, 7, 4, 6, 3, 2, 9) [40, 168, 54] [168, 40, 54]
(8, 5, 1, 9, 4, 6, 3, 2, 7) [40, 216, 42] [216, 40, 42]
(8, 5, 3, 1, 6, 7, 9, 4, 2) [120, 42, 72] [72, 120, 42]
(8, 5, 3, 1, 6, 9, 7, 4, 2) [120, 54, 56] [56, 120, 54]
(8, 5, 3, 7, 4, 2, 1, 6, 9) [120, 56, 54] [56, 120, 54]
(8, 5, 3, 9, 4, 2, 1, 6, 7) [120, 72, 42] [72, 120, 42]
(8, 7, 1, 3, 2, 5, 9, 4, 6) [56, 30, 216] [216, 56, 30]
(8, 7, 1, 3, 2, 9, 5, 4, 6) [56, 54, 120] [120, 56, 54]
(8, 7, 1, 5, 4, 6, 3, 2, 9) [56, 120, 54] [120, 56, 54]
(8, 7, 1, 9, 4, 6, 3, 2, 5) [56, 216, 30] [216, 56, 30]
(8, 7, 3, 1, 6, 5, 9, 4, 2) [168, 30, 72] [72, 168, 30]
(8, 7, 3, 1, 6, 9, 5, 4, 2) [168, 54, 40] [40, 168, 54]
(8, 7, 3, 5, 4, 2, 1, 6, 9) [168, 40, 54] [40, 168, 54]
(8, 7, 3, 9, 4, 2, 1, 6, 5) [168, 72, 30] [72, 168, 30]
(8, 9, 1, 3, 2, 5, 7, 4, 6) [72, 30, 168] [168, 72, 30]
(8, 9, 1, 3, 2, 7, 5, 4, 6) [72, 42, 120] [120, 72, 42]
(8, 9, 1, 5, 4, 6, 3, 2, 7) [72, 120, 42] [120, 72, 42]
(8, 9, 1, 7, 4, 6, 3, 2, 5) [72, 168, 30] [168, 72, 30]
(8, 9, 3, 1, 6, 5, 7, 4, 2) [216, 30, 56] [56, 216, 30]
(8, 9, 3, 1, 6, 7, 5, 4, 2) [216, 42, 40] [40, 216, 42]
(8, 9, 3, 5, 4, 2, 1, 6, 7) [216, 40, 42] [40, 216, 42]
(8, 9, 3, 7, 4, 2, 1, 6, 5) [216, 56, 30] [56, 216, 30]
(9, 1, 6, 2, 5, 4, 3, 8, 7) [54, 40, 168] [54, 40, 168]
(9, 1, 6, 2, 7, 4, 3, 8, 5) [54, 56, 120] [54, 56, 120]
(9, 1, 6, 3, 8, 5, 2, 7, 4) [54, 120, 56] [54, 56, 120]
(9, 1, 6, 3, 8, 7, 2, 5, 4) [54, 168, 40] [54, 40, 168]
(9, 1, 8, 2, 5, 3, 4, 6, 7) [72, 30, 168] [72, 30, 168]
(9, 1, 8, 2, 7, 3, 4, 6, 5) [72, 42, 120] [72, 42, 120]
(9, 1, 8, 4, 6, 5, 2, 7, 3) [72, 120, 42] [72, 42, 120]
(9, 1, 8, 4, 6, 7, 2, 5, 3) [72, 168, 30] [72, 30, 168]
(9, 2, 3, 1, 5, 8, 6, 4, 7) [54, 40, 168] [54, 40, 168]
(9, 2, 3, 1, 7, 8, 6, 4, 5) [54, 56, 120] [54, 56, 120]
(9, 2, 3, 6, 4, 5, 1, 7, 8) [54, 120, 56] [54, 56, 120]
(9, 2, 3, 6, 4, 7, 1, 5, 8) [54, 168, 40] [54, 40, 168]
(9, 2, 4, 1, 5, 6, 8, 3, 7) [72, 30, 168] [72, 30, 168]
(9, 2, 4, 1, 7, 6, 8, 3, 5) [72, 42, 120] [72, 42, 120]
(9, 2, 4, 8, 3, 5, 1, 7, 6) [72, 120, 42] [72, 42, 120]
(9, 2, 4, 8, 3, 7, 1, 5, 6) [72, 168, 30] [72, 30, 168]
(9, 3, 2, 1, 8, 5, 6, 7, 4) [54, 40, 168] [54, 168, 40]
(9, 3, 2, 1, 8, 7, 6, 5, 4) [54, 56, 120] [54, 120, 56]
(9, 3, 2, 6, 5, 4, 1, 8, 7) [54, 120, 56] [54, 120, 56]
(9, 3, 2, 6, 7, 4, 1, 8, 5) [54, 168, 40] [54, 168, 40]
(9, 3, 8, 4, 2, 5, 6, 7, 1) [216, 40, 42] [216, 42, 40]
(9, 3, 8, 4, 2, 7, 6, 5, 1) [216, 56, 30] [216, 30, 56]
(9, 3, 8, 6, 5, 1, 4, 2, 7) [216, 30, 56] [216, 30, 56]
(9, 3, 8, 6, 7, 1, 4, 2, 5) [216, 42, 40] [216, 42, 40]
(9, 4, 2, 1, 6, 5, 8, 7, 3) [72, 30, 168] [72, 168, 30]
(9, 4, 2, 1, 6, 7, 8, 5, 3) [72, 42, 120] [72, 120, 42]
(9, 4, 2, 8, 5, 3, 1, 6, 7) [72, 120, 42] [72, 120, 42]
(9, 4, 2, 8, 7, 3, 1, 6, 5) [72, 168, 30] [72, 168, 30]
(9, 4, 6, 3, 2, 5, 8, 7, 1) [216, 30, 56] [216, 56, 30]
(9, 4, 6, 3, 2, 7, 8, 5, 1) [216, 42, 40] [216, 40, 42]
(9, 4, 6, 8, 5, 1, 3, 2, 7) [216, 40, 42] [216, 40, 42]
(9, 4, 6, 8, 7, 1, 3, 2, 5) [216, 56, 30] [216, 56, 30]
(9, 6, 1, 2, 4, 5, 3, 7, 8) [54, 40, 168] [54, 168, 40]
(9, 6, 1, 2, 4, 7, 3, 5, 8) [54, 56, 120] [54, 120, 56]
(9, 6, 1, 3, 5, 8, 2, 4, 7) [54, 120, 56] [54, 120, 56]
(9, 6, 1, 3, 7, 8, 2, 4, 5) [54, 168, 40] [54, 168, 40]
(9, 6, 4, 3, 5, 2, 8, 1, 7) [216, 30, 56] [216, 30, 56]
(9, 6, 4, 3, 7, 2, 8, 1, 5) [216, 42, 40] [216, 42, 40]
(9, 6, 4, 8, 1, 5, 3, 7, 2) [216, 40, 42] [216, 42, 40]
(9, 6, 4, 8, 1, 7, 3, 5, 2) [216, 56, 30] [216, 30, 56]
(9, 8, 1, 2, 3, 5, 4, 7, 6) [72, 30, 168] [72, 168, 30]
(9, 8, 1, 2, 3, 7, 4, 5, 6) [72, 42, 120] [72, 120, 42]
(9, 8, 1, 4, 5, 6, 2, 3, 7) [72, 120, 42] [72, 120, 42]
(9, 8, 1, 4, 7, 6, 2, 3, 5) [72, 168, 30] [72, 168, 30]
(9, 8, 3, 4, 5, 2, 6, 1, 7) [216, 40, 42] [216, 40, 42]
(9, 8, 3, 4, 7, 2, 6, 1, 5) [216, 56, 30] [216, 56, 30]
(9, 8, 3, 6, 1, 5, 4, 7, 2) [216, 30, 56] [216, 56, 30]
(9, 8, 3, 6, 1, 7, 4, 5, 2) [216, 42, 40] [216, 40, 42]

Execution Time: 00:00:08

---

